오차각도(θ) 별 거리에 따른 오차 계산,0.5,0.6,0.7,0.8,0.9,1,1.1,1.2,1.3,1.4,1.5,1.6,1.7,1.8,1.9,2,2.1,2.2,2.3,2.4,2.5,2.6,2.7,2.8,2.9,3,3.1,3.2,3.3,3.4,3.5,3.6,3.7,3.8,3.9,4,4.1,4.2,4.3,4.4,4.5,4.6,4.7,4.8,4.9,5
10,0.087266463,0.104719755,0.122173048,0.13962634,0.157079633,0.174532925,0.191986218,0.20943951,0.226892803,0.244346095,0.261799388,0.27925268,0.296705973,0.314159265,0.331612558,0.34906585,0.366519143,0.383972435,0.401425728,0.41887902,0.436332313,0.453785606,0.471238898,0.488692191,0.506145483,0.523598776,0.541052068,0.558505361,0.575958653,0.593411946,0.610865238,0.628318531,0.645771823,0.663225116,0.680678408,0.698131701,0.715584993,0.733038286,0.750491578,0.767944871,0.785398163,0.802851456,0.820304748,0.837758041,0.855211333,0.872664626
11,0.095993109,0.115191731,0.134390352,0.153588974,0.172787596,0.191986218,0.211184839,0.230383461,0.249582083,0.268780705,0.287979327,0.307177948,0.32637657,0.345575192,0.364773814,0.383972435,0.403171057,0.422369679,0.441568301,0.460766923,0.479965544,0.499164166,0.518362788,0.53756141,0.556760031,0.575958653,0.595157275,0.614355897,0.633554518,0.65275314,0.671951762,0.691150384,0.710349006,0.729547627,0.748746249,0.767944871,0.787143493,0.806342114,0.825540736,0.844739358,0.86393798,0.883136602,0.902335223,0.921533845,0.940732467,0.959931089
12,0.104719755,0.125663706,0.146607657,0.167551608,0.188495559,0.20943951,0.230383461,0.251327412,0.272271363,0.293215314,0.314159265,0.335103216,0.356047167,0.376991118,0.397935069,0.41887902,0.439822972,0.460766923,0.481710874,0.502654825,0.523598776,0.544542727,0.565486678,0.586430629,0.60737458,0.628318531,0.649262482,0.670206433,0.691150384,0.712094335,0.733038286,0.753982237,0.774926188,0.795870139,0.81681409,0.837758041,0.858701992,0.879645943,0.900589894,0.921533845,0.942477796,0.963421747,0.984365698,1.005309649,1.0262536,1.047197551
13,0.113446401,0.136135682,0.158824962,0.181514242,0.204203522,0.226892803,0.249582083,0.272271363,0.294960644,0.317649924,0.340339204,0.363028484,0.385717765,0.408407045,0.431096325,0.453785606,0.476474886,0.499164166,0.521853446,0.544542727,0.567232007,0.589921287,0.612610567,0.635299848,0.657989128,0.680678408,0.703367689,0.726056969,0.748746249,0.771435529,0.79412481,0.81681409,0.83950337,0.86219265,0.884881931,0.907571211,0.930260491,0.952949772,0.975639052,0.998328332,1.021017612,1.043706893,1.066396173,1.089085453,1.111774734,1.134464014
14,0.122173048,0.146607657,0.171042267,0.195476876,0.219911486,0.244346095,0.268780705,0.293215314,0.317649924,0.342084533,0.366519143,0.390953752,0.415388362,0.439822972,0.464257581,0.488692191,0.5131268,0.53756141,0.561996019,0.586430629,0.610865238,0.635299848,0.659734457,0.684169067,0.708603676,0.733038286,0.757472895,0.781907505,0.806342114,0.830776724,0.855211333,0.879645943,0.904080553,0.928515162,0.952949772,0.977384381,1.001818991,1.0262536,1.05068821,1.075122819,1.099557429,1.123992038,1.148426648,1.172861257,1.197295867,1.221730476
15,0.130899694,0.157079633,0.183259571,0.20943951,0.235619449,0.261799388,0.287979327,0.314159265,0.340339204,0.366519143,0.392699082,0.41887902,0.445058959,0.471238898,0.497418837,0.523598776,0.549778714,0.575958653,0.602138592,0.628318531,0.654498469,0.680678408,0.706858347,0.733038286,0.759218225,0.785398163,0.811578102,0.837758041,0.86393798,0.890117919,0.916297857,0.942477796,0.968657735,0.994837674,1.021017612,1.047197551,1.07337749,1.099557429,1.125737368,1.151917306,1.178097245,1.204277184,1.230457123,1.256637061,1.282817,1.308996939
16,0.13962634,0.167551608,0.195476876,0.223402144,0.251327412,0.27925268,0.307177948,0.335103216,0.363028484,0.390953752,0.41887902,0.446804289,0.474729557,0.502654825,0.530580093,0.558505361,0.586430629,0.614355897,0.642281165,0.670206433,0.698131701,0.726056969,0.753982237,0.781907505,0.809832773,0.837758041,0.865683309,0.893608577,0.921533845,0.949459113,0.977384381,1.005309649,1.033234917,1.061160185,1.089085453,1.117010721,1.144935989,1.172861257,1.200786525,1.228711793,1.256637061,1.284562329,1.312487597,1.340412866,1.368338134,1.396263402
17,0.148352986,0.178023584,0.207694181,0.237364778,0.267035376,0.296705973,0.32637657,0.356047167,0.385717765,0.415388362,0.445058959,0.474729557,0.504400154,0.534070751,0.563741348,0.593411946,0.623082543,0.65275314,0.682423738,0.712094335,0.741764932,0.771435529,0.801106127,0.830776724,0.860447321,0.890117919,0.919788516,0.949459113,0.97912971,1.008800308,1.038470905,1.068141502,1.0978121,1.127482697,1.157153294,1.186823891,1.216494489,1.246165086,1.275835683,1.30550628,1.335176878,1.364847475,1.394518072,1.42418867,1.453859267,1.483529864
18,0.157079633,0.188495559,0.219911486,0.251327412,0.282743339,0.314159265,0.345575192,0.376991118,0.408407045,0.439822972,0.471238898,0.502654825,0.534070751,0.565486678,0.596902604,0.628318531,0.659734457,0.691150384,0.72256631,0.753982237,0.785398163,0.81681409,0.848230016,0.879645943,0.91106187,0.942477796,0.973893723,1.005309649,1.036725576,1.068141502,1.099557429,1.130973355,1.162389282,1.193805208,1.225221135,1.256637061,1.288052988,1.319468915,1.350884841,1.382300768,1.413716694,1.445132621,1.476548547,1.507964474,1.5393804,1.570796327
19,0.165806279,0.198967535,0.232128791,0.265290046,0.298451302,0.331612558,0.364773814,0.397935069,0.431096325,0.464257581,0.497418837,0.530580093,0.563741348,0.596902604,0.63006386,0.663225116,0.696386372,0.729547627,0.762708883,0.795870139,0.829031395,0.86219265,0.895353906,0.928515162,0.961676418,0.994837674,1.027998929,1.061160185,1.094321441,1.127482697,1.160643953,1.193805208,1.226966464,1.26012772,1.293288976,1.326450232,1.359611487,1.392772743,1.425933999,1.459095255,1.49225651,1.525417766,1.558579022,1.591740278,1.624901534,1.658062789
20,0.174532925,0.20943951,0.244346095,0.27925268,0.314159265,0.34906585,0.383972435,0.41887902,0.453785606,0.488692191,0.523598776,0.558505361,0.593411946,0.628318531,0.663225116,0.698131701,0.733038286,0.767944871,0.802851456,0.837758041,0.872664626,0.907571211,0.942477796,0.977384381,1.012290966,1.047197551,1.082104136,1.117010721,1.151917306,1.186823891,1.221730476,1.256637061,1.291543646,1.326450232,1.361356817,1.396263402,1.431169987,1.466076572,1.500983157,1.535889742,1.570796327,1.605702912,1.640609497,1.675516082,1.710422667,1.745329252
21,0.183259571,0.219911486,0.2565634,0.293215314,0.329867229,0.366519143,0.403171057,0.439822972,0.476474886,0.5131268,0.549778714,0.586430629,0.623082543,0.659734457,0.696386372,0.733038286,0.7696902,0.806342114,0.842994029,0.879645943,0.916297857,0.952949772,0.989601686,1.0262536,1.062905514,1.099557429,1.136209343,1.172861257,1.209513172,1.246165086,1.282817,1.319468915,1.356120829,1.392772743,1.429424657,1.466076572,1.502728486,1.5393804,1.576032315,1.612684229,1.649336143,1.685988057,1.722639972,1.759291886,1.7959438,1.832595715
22,0.191986218,0.230383461,0.268780705,0.307177948,0.345575192,0.383972435,0.422369679,0.460766923,0.499164166,0.53756141,0.575958653,0.614355897,0.65275314,0.691150384,0.729547627,0.767944871,0.806342114,0.844739358,0.883136602,0.921533845,0.959931089,0.998328332,1.036725576,1.075122819,1.113520063,1.151917306,1.19031455,1.228711793,1.267109037,1.30550628,1.343903524,1.382300768,1.420698011,1.459095255,1.497492498,1.535889742,1.574286985,1.612684229,1.651081472,1.689478716,1.727875959,1.766273203,1.804670447,1.84306769,1.881464934,1.919862177
23,0.200712864,0.240855437,0.28099801,0.321140582,0.361283155,0.401425728,0.441568301,0.481710874,0.521853446,0.561996019,0.602138592,0.642281165,0.682423738,0.72256631,0.762708883,0.802851456,0.842994029,0.883136602,0.923279174,0.963421747,1.00356432,1.043706893,1.083849465,1.123992038,1.164134611,1.204277184,1.244419757,1.284562329,1.324704902,1.364847475,1.404990048,1.445132621,1.485275193,1.525417766,1.565560339,1.605702912,1.645845485,1.685988057,1.72613063,1.766273203,1.806415776,1.846558349,1.886700921,1.926843494,1.966986067,2.00712864
24,0.20943951,0.251327412,0.293215314,0.335103216,0.376991118,0.41887902,0.460766923,0.502654825,0.544542727,0.586430629,0.628318531,0.670206433,0.712094335,0.753982237,0.795870139,0.837758041,0.879645943,0.921533845,0.963421747,1.005309649,1.047197551,1.089085453,1.130973355,1.172861257,1.214749159,1.256637061,1.298524963,1.340412866,1.382300768,1.42418867,1.466076572,1.507964474,1.549852376,1.591740278,1.63362818,1.675516082,1.717403984,1.759291886,1.801179788,1.84306769,1.884955592,1.926843494,1.968731396,2.010619298,2.0525072,2.094395102
25,0.218166156,0.261799388,0.305432619,0.34906585,0.392699082,0.436332313,0.479965544,0.523598776,0.567232007,0.610865238,0.654498469,0.698131701,0.741764932,0.785398163,0.829031395,0.872664626,0.916297857,0.959931089,1.00356432,1.047197551,1.090830782,1.134464014,1.178097245,1.221730476,1.265363708,1.308996939,1.35263017,1.396263402,1.439896633,1.483529864,1.527163095,1.570796327,1.614429558,1.658062789,1.701696021,1.745329252,1.788962483,1.832595715,1.876228946,1.919862177,1.963495408,2.00712864,2.050761871,2.094395102,2.138028334,2.181661565
26,0.226892803,0.272271363,0.317649924,0.363028484,0.408407045,0.453785606,0.499164166,0.544542727,0.589921287,0.635299848,0.680678408,0.726056969,0.771435529,0.81681409,0.86219265,0.907571211,0.952949772,0.998328332,1.043706893,1.089085453,1.134464014,1.179842574,1.225221135,1.270599695,1.315978256,1.361356817,1.406735377,1.452113938,1.497492498,1.542871059,1.588249619,1.63362818,1.67900674,1.724385301,1.769763862,1.815142422,1.860520983,1.905899543,1.951278104,1.996656664,2.042035225,2.087413785,2.132792346,2.178170906,2.223549467,2.268928028
27,0.235619449,0.282743339,0.329867229,0.376991118,0.424115008,0.471238898,0.518362788,0.565486678,0.612610567,0.659734457,0.706858347,0.753982237,0.801106127,0.848230016,0.895353906,0.942477796,0.989601686,1.036725576,1.083849465,1.130973355,1.178097245,1.225221135,1.272345025,1.319468915,1.366592804,1.413716694,1.460840584,1.507964474,1.555088364,1.602212253,1.649336143,1.696460033,1.743583923,1.790707813,1.837831702,1.884955592,1.932079482,1.979203372,2.026327262,2.073451151,2.120575041,2.167698931,2.214822821,2.261946711,2.3090706,2.35619449
28,0.244346095,0.293215314,0.342084533,0.390953752,0.439822972,0.488692191,0.53756141,0.586430629,0.635299848,0.684169067,0.733038286,0.781907505,0.830776724,0.879645943,0.928515162,0.977384381,1.0262536,1.075122819,1.123992038,1.172861257,1.221730476,1.270599695,1.319468915,1.368338134,1.417207353,1.466076572,1.514945791,1.56381501,1.612684229,1.661553448,1.710422667,1.759291886,1.808161105,1.857030324,1.905899543,1.954768762,2.003637981,2.0525072,2.101376419,2.150245638,2.199114858,2.247984077,2.296853296,2.345722515,2.394591734,2.443460953
29,0.253072742,0.30368729,0.354301838,0.404916386,0.455530935,0.506145483,0.556760031,0.60737458,0.657989128,0.708603676,0.759218225,0.809832773,0.860447321,0.91106187,0.961676418,1.012290966,1.062905514,1.113520063,1.164134611,1.214749159,1.265363708,1.315978256,1.366592804,1.417207353,1.467821901,1.518436449,1.569050998,1.619665546,1.670280094,1.720894642,1.771509191,1.822123739,1.872738287,1.923352836,1.973967384,2.024581932,2.075196481,2.125811029,2.176425577,2.227040126,2.277654674,2.328269222,2.37888377,2.429498319,2.480112867,2.530727415
30,0.261799388,0.314159265,0.366519143,0.41887902,0.471238898,0.523598776,0.575958653,0.628318531,0.680678408,0.733038286,0.785398163,0.837758041,0.890117919,0.942477796,0.994837674,1.047197551,1.099557429,1.151917306,1.204277184,1.256637061,1.308996939,1.361356817,1.413716694,1.466076572,1.518436449,1.570796327,1.623156204,1.675516082,1.727875959,1.780235837,1.832595715,1.884955592,1.93731547,1.989675347,2.042035225,2.094395102,2.14675498,2.199114858,2.251474735,2.303834613,2.35619449,2.408554368,2.460914245,2.513274123,2.565634,2.617993878
31,0.270526034,0.324631241,0.378736448,0.432841654,0.486946861,0.541052068,0.595157275,0.649262482,0.703367689,0.757472895,0.811578102,0.865683309,0.919788516,0.973893723,1.027998929,1.082104136,1.136209343,1.19031455,1.244419757,1.298524963,1.35263017,1.406735377,1.460840584,1.514945791,1.569050998,1.623156204,1.677261411,1.731366618,1.785471825,1.839577032,1.893682238,1.947787445,2.001892652,2.055997859,2.110103066,2.164208272,2.218313479,2.272418686,2.326523893,2.3806291,2.434734307,2.488839513,2.54294472,2.597049927,2.651155134,2.705260341
32,0.27925268,0.335103216,0.390953752,0.446804289,0.502654825,0.558505361,0.614355897,0.670206433,0.726056969,0.781907505,0.837758041,0.893608577,0.949459113,1.005309649,1.061160185,1.117010721,1.172861257,1.228711793,1.284562329,1.340412866,1.396263402,1.452113938,1.507964474,1.56381501,1.619665546,1.675516082,1.731366618,1.787217154,1.84306769,1.898918226,1.954768762,2.010619298,2.066469834,2.12232037,2.178170906,2.234021443,2.289871979,2.345722515,2.401573051,2.457423587,2.513274123,2.569124659,2.624975195,2.680825731,2.736676267,2.792526803
33,0.287979327,0.345575192,0.403171057,0.460766923,0.518362788,0.575958653,0.633554518,0.691150384,0.748746249,0.806342114,0.86393798,0.921533845,0.97912971,1.036725576,1.094321441,1.151917306,1.209513172,1.267109037,1.324704902,1.382300768,1.439896633,1.497492498,1.555088364,1.612684229,1.670280094,1.727875959,1.785471825,1.84306769,1.900663555,1.958259421,2.015855286,2.073451151,2.131047017,2.188642882,2.246238747,2.303834613,2.361430478,2.419026343,2.476622209,2.534218074,2.591813939,2.649409805,2.70700567,2.764601535,2.8221974,2.879793266
34,0.296705973,0.356047167,0.415388362,0.474729557,0.534070751,0.593411946,0.65275314,0.712094335,0.771435529,0.830776724,0.890117919,0.949459113,1.008800308,1.068141502,1.127482697,1.186823891,1.246165086,1.30550628,1.364847475,1.42418867,1.483529864,1.542871059,1.602212253,1.661553448,1.720894642,1.780235837,1.839577032,1.898918226,1.958259421,2.017600615,2.07694181,2.136283004,2.195624199,2.254965394,2.314306588,2.373647783,2.432988977,2.492330172,2.551671366,2.611012561,2.670353756,2.72969495,2.789036145,2.848377339,2.907718534,2.967059728
35,0.305432619,0.366519143,0.427605667,0.488692191,0.549778714,0.610865238,0.671951762,0.733038286,0.79412481,0.855211333,0.916297857,0.977384381,1.038470905,1.099557429,1.160643953,1.221730476,1.282817,1.343903524,1.404990048,1.466076572,1.527163095,1.588249619,1.649336143,1.710422667,1.771509191,1.832595715,1.893682238,1.954768762,2.015855286,2.07694181,2.138028334,2.199114858,2.260201381,2.321287905,2.382374429,2.443460953,2.504547477,2.565634,2.626720524,2.687807048,2.748893572,2.809980096,2.87106662,2.932153143,2.993239667,3.054326191
36,0.314159265,0.376991118,0.439822972,0.502654825,0.565486678,0.628318531,0.691150384,0.753982237,0.81681409,0.879645943,0.942477796,1.005309649,1.068141502,1.130973355,1.193805208,1.256637061,1.319468915,1.382300768,1.445132621,1.507964474,1.570796327,1.63362818,1.696460033,1.759291886,1.822123739,1.884955592,1.947787445,2.010619298,2.073451151,2.136283004,2.199114858,2.261946711,2.324778564,2.387610417,2.45044227,2.513274123,2.576105976,2.638937829,2.701769682,2.764601535,2.827433388,2.890265241,2.953097094,3.015928947,3.078760801,3.141592654
37,0.322885912,0.387463094,0.452040276,0.516617459,0.581194641,0.645771823,0.710349006,0.774926188,0.83950337,0.904080553,0.968657735,1.033234917,1.0978121,1.162389282,1.226966464,1.291543646,1.356120829,1.420698011,1.485275193,1.549852376,1.614429558,1.67900674,1.743583923,1.808161105,1.872738287,1.93731547,2.001892652,2.066469834,2.131047017,2.195624199,2.260201381,2.324778564,2.389355746,2.453932928,2.518510111,2.583087293,2.647664475,2.712241658,2.77681884,2.841396022,2.905973205,2.970550387,3.035127569,3.099704752,3.164281934,3.228859116
38,0.331612558,0.397935069,0.464257581,0.530580093,0.596902604,0.663225116,0.729547627,0.795870139,0.86219265,0.928515162,0.994837674,1.061160185,1.127482697,1.193805208,1.26012772,1.326450232,1.392772743,1.459095255,1.525417766,1.591740278,1.658062789,1.724385301,1.790707813,1.857030324,1.923352836,1.989675347,2.055997859,2.12232037,2.188642882,2.254965394,2.321287905,2.387610417,2.453932928,2.52025544,2.586577951,2.652900463,2.719222975,2.785545486,2.851867998,2.918190509,2.984513021,3.050835532,3.117158044,3.183480556,3.249803067,3.316125579
39,0.340339204,0.408407045,0.476474886,0.544542727,0.612610567,0.680678408,0.748746249,0.81681409,0.884881931,0.952949772,1.021017612,1.089085453,1.157153294,1.225221135,1.293288976,1.361356817,1.429424657,1.497492498,1.565560339,1.63362818,1.701696021,1.769763862,1.837831702,1.905899543,1.973967384,2.042035225,2.110103066,2.178170906,2.246238747,2.314306588,2.382374429,2.45044227,2.518510111,2.586577951,2.654645792,2.722713633,2.790781474,2.858849315,2.926917156,2.994984996,3.063052837,3.131120678,3.199188519,3.26725636,3.335324201,3.403392041
40,0.34906585,0.41887902,0.488692191,0.558505361,0.628318531,0.698131701,0.767944871,0.837758041,0.907571211,0.977384381,1.047197551,1.117010721,1.186823891,1.256637061,1.326450232,1.396263402,1.466076572,1.535889742,1.605702912,1.675516082,1.745329252,1.815142422,1.884955592,1.954768762,2.024581932,2.094395102,2.164208272,2.234021443,2.303834613,2.373647783,2.443460953,2.513274123,2.583087293,2.652900463,2.722713633,2.792526803,2.862339973,2.932153143,3.001966313,3.071779484,3.141592654,3.211405824,3.281218994,3.351032164,3.420845334,3.490658504
41,0.357792497,0.429350996,0.500909495,0.572467995,0.644026494,0.715584993,0.787143493,0.858701992,0.930260491,1.001818991,1.07337749,1.144935989,1.216494489,1.288052988,1.359611487,1.431169987,1.502728486,1.574286985,1.645845485,1.717403984,1.788962483,1.860520983,1.932079482,2.003637981,2.075196481,2.14675498,2.218313479,2.289871979,2.361430478,2.432988977,2.504547477,2.576105976,2.647664475,2.719222975,2.790781474,2.862339973,2.933898473,3.005456972,3.077015471,3.148573971,3.22013247,3.291690969,3.363249469,3.434807968,3.506366467,3.577924967
42,0.366519143,0.439822972,0.5131268,0.586430629,0.659734457,0.733038286,0.806342114,0.879645943,0.952949772,1.0262536,1.099557429,1.172861257,1.246165086,1.319468915,1.392772743,1.466076572,1.5393804,1.612684229,1.685988057,1.759291886,1.832595715,1.905899543,1.979203372,2.0525072,2.125811029,2.199114858,2.272418686,2.345722515,2.419026343,2.492330172,2.565634,2.638937829,2.712241658,2.785545486,2.858849315,2.932153143,3.005456972,3.078760801,3.152064629,3.225368458,3.298672286,3.371976115,3.445279943,3.518583772,3.591887601,3.665191429
43,0.375245789,0.450294947,0.525344105,0.600393263,0.675442421,0.750491578,0.825540736,0.900589894,0.975639052,1.05068821,1.125737368,1.200786525,1.275835683,1.350884841,1.425933999,1.500983157,1.576032315,1.651081472,1.72613063,1.801179788,1.876228946,1.951278104,2.026327262,2.101376419,2.176425577,2.251474735,2.326523893,2.401573051,2.476622209,2.551671366,2.626720524,2.701769682,2.77681884,2.851867998,2.926917156,3.001966313,3.077015471,3.152064629,3.227113787,3.302162945,3.377212103,3.45226126,3.527310418,3.602359576,3.677408734,3.752457892
44,0.383972435,0.460766923,0.53756141,0.614355897,0.691150384,0.767944871,0.844739358,0.921533845,0.998328332,1.075122819,1.151917306,1.228711793,1.30550628,1.382300768,1.459095255,1.535889742,1.612684229,1.689478716,1.766273203,1.84306769,1.919862177,1.996656664,2.073451151,2.150245638,2.227040126,2.303834613,2.3806291,2.457423587,2.534218074,2.611012561,2.687807048,2.764601535,2.841396022,2.918190509,2.994984996,3.071779484,3.148573971,3.225368458,3.302162945,3.378957432,3.455751919,3.532546406,3.609340893,3.68613538,3.762929867,3.839724354
45,0.392699082,0.471238898,0.549778714,0.628318531,0.706858347,0.785398163,0.86393798,0.942477796,1.021017612,1.099557429,1.178097245,1.256637061,1.335176878,1.413716694,1.49225651,1.570796327,1.649336143,1.727875959,1.806415776,1.884955592,1.963495408,2.042035225,2.120575041,2.199114858,2.277654674,2.35619449,2.434734307,2.513274123,2.591813939,2.670353756,2.748893572,2.827433388,2.905973205,2.984513021,3.063052837,3.141592654,3.22013247,3.298672286,3.377212103,3.455751919,3.534291735,3.612831552,3.691371368,3.769911184,3.848451001,3.926990817
46,0.401425728,0.481710874,0.561996019,0.642281165,0.72256631,0.802851456,0.883136602,0.963421747,1.043706893,1.123992038,1.204277184,1.284562329,1.364847475,1.445132621,1.525417766,1.605702912,1.685988057,1.766273203,1.846558349,1.926843494,2.00712864,2.087413785,2.167698931,2.247984077,2.328269222,2.408554368,2.488839513,2.569124659,2.649409805,2.72969495,2.809980096,2.890265241,2.970550387,3.050835532,3.131120678,3.211405824,3.291690969,3.371976115,3.45226126,3.532546406,3.612831552,3.693116697,3.773401843,3.853686988,3.933972134,4.01425728
47,0.410152374,0.492182849,0.574213324,0.656243799,0.738274274,0.820304748,0.902335223,0.984365698,1.066396173,1.148426648,1.230457123,1.312487597,1.394518072,1.476548547,1.558579022,1.640609497,1.722639972,1.804670447,1.886700921,1.968731396,2.050761871,2.132792346,2.214822821,2.296853296,2.37888377,2.460914245,2.54294472,2.624975195,2.70700567,2.789036145,2.87106662,2.953097094,3.035127569,3.117158044,3.199188519,3.281218994,3.363249469,3.445279943,3.527310418,3.609340893,3.691371368,3.773401843,3.855432318,3.937462792,4.019493267,4.101523742
48,0.41887902,0.502654825,0.586430629,0.670206433,0.753982237,0.837758041,0.921533845,1.005309649,1.089085453,1.172861257,1.256637061,1.340412866,1.42418867,1.507964474,1.591740278,1.675516082,1.759291886,1.84306769,1.926843494,2.010619298,2.094395102,2.178170906,2.261946711,2.345722515,2.429498319,2.513274123,2.597049927,2.680825731,2.764601535,2.848377339,2.932153143,3.015928947,3.099704752,3.183480556,3.26725636,3.351032164,3.434807968,3.518583772,3.602359576,3.68613538,3.769911184,3.853686988,3.937462792,4.021238597,4.105014401,4.188790205
49,0.427605667,0.5131268,0.598647933,0.684169067,0.7696902,0.855211333,0.940732467,1.0262536,1.111774734,1.197295867,1.282817,1.368338134,1.453859267,1.5393804,1.624901534,1.710422667,1.7959438,1.881464934,1.966986067,2.0525072,2.138028334,2.223549467,2.3090706,2.394591734,2.480112867,2.565634,2.651155134,2.736676267,2.8221974,2.907718534,2.993239667,3.078760801,3.164281934,3.249803067,3.335324201,3.420845334,3.506366467,3.591887601,3.677408734,3.762929867,3.848451001,3.933972134,4.019493267,4.105014401,4.190535534,4.276056667
50,0.436332313,0.523598776,0.610865238,0.698131701,0.785398163,0.872664626,0.959931089,1.047197551,1.134464014,1.221730476,1.308996939,1.396263402,1.483529864,1.570796327,1.658062789,1.745329252,1.832595715,1.919862177,2.00712864,2.094395102,2.181661565,2.268928028,2.35619449,2.443460953,2.530727415,2.617993878,2.705260341,2.792526803,2.879793266,2.967059728,3.054326191,3.141592654,3.228859116,3.316125579,3.403392041,3.490658504,3.577924967,3.665191429,3.752457892,3.839724354,3.926990817,4.01425728,4.101523742,4.188790205,4.276056667,4.36332313
51,0.445058959,0.534070751,0.623082543,0.712094335,0.801106127,0.890117919,0.97912971,1.068141502,1.157153294,1.246165086,1.335176878,1.42418867,1.513200461,1.602212253,1.691224045,1.780235837,1.869247629,1.958259421,2.047271213,2.136283004,2.225294796,2.314306588,2.40331838,2.492330172,2.581341964,2.670353756,2.759365547,2.848377339,2.937389131,3.026400923,3.115412715,3.204424507,3.293436299,3.38244809,3.471459882,3.560471674,3.649483466,3.738495258,3.82750705,3.916518841,4.005530633,4.094542425,4.183554217,4.272566009,4.361577801,4.450589593
52,0.453785606,0.544542727,0.635299848,0.726056969,0.81681409,0.907571211,0.998328332,1.089085453,1.179842574,1.270599695,1.361356817,1.452113938,1.542871059,1.63362818,1.724385301,1.815142422,1.905899543,1.996656664,2.087413785,2.178170906,2.268928028,2.359685149,2.45044227,2.541199391,2.631956512,2.722713633,2.813470754,2.904227875,2.994984996,3.085742118,3.176499239,3.26725636,3.358013481,3.448770602,3.539527723,3.630284844,3.721041965,3.811799086,3.902556207,3.993313329,4.08407045,4.174827571,4.265584692,4.356341813,4.447098934,4.537856055
53,0.462512252,0.555014702,0.647517152,0.740019603,0.832522053,0.925024504,1.017526954,1.110029404,1.202531855,1.295034305,1.387536755,1.480039206,1.572541656,1.665044106,1.757546557,1.850049007,1.942551457,2.035053908,2.127556358,2.220058809,2.312561259,2.405063709,2.49756616,2.59006861,2.68257106,2.775073511,2.867575961,2.960078411,3.052580862,3.145083312,3.237585762,3.330088213,3.422590663,3.515093114,3.607595564,3.700098014,3.792600465,3.885102915,3.977605365,4.070107816,4.162610266,4.255112716,4.347615167,4.440117617,4.532620067,4.625122518
54,0.471238898,0.565486678,0.659734457,0.753982237,0.848230016,0.942477796,1.036725576,1.130973355,1.225221135,1.319468915,1.413716694,1.507964474,1.602212253,1.696460033,1.790707813,1.884955592,1.979203372,2.073451151,2.167698931,2.261946711,2.35619449,2.45044227,2.544690049,2.638937829,2.733185609,2.827433388,2.921681168,3.015928947,3.110176727,3.204424507,3.298672286,3.392920066,3.487167845,3.581415625,3.675663405,3.769911184,3.864158964,3.958406744,4.052654523,4.146902303,4.241150082,4.335397862,4.429645642,4.523893421,4.618141201,4.71238898
55,0.479965544,0.575958653,0.671951762,0.767944871,0.86393798,0.959931089,1.055924197,1.151917306,1.247910415,1.343903524,1.439896633,1.535889742,1.631882851,1.727875959,1.823869068,1.919862177,2.015855286,2.111848395,2.207841504,2.303834613,2.399827721,2.49582083,2.591813939,2.687807048,2.783800157,2.879793266,2.975786375,3.071779484,3.167772592,3.263765701,3.35975881,3.455751919,3.551745028,3.647738137,3.743731246,3.839724354,3.935717463,4.031710572,4.127703681,4.22369679,4.319689899,4.415683008,4.511676116,4.607669225,4.703662334,4.799655443
56,0.488692191,0.586430629,0.684169067,0.781907505,0.879645943,0.977384381,1.075122819,1.172861257,1.270599695,1.368338134,1.466076572,1.56381501,1.661553448,1.759291886,1.857030324,1.954768762,2.0525072,2.150245638,2.247984077,2.345722515,2.443460953,2.541199391,2.638937829,2.736676267,2.834414705,2.932153143,3.029891581,3.12763002,3.225368458,3.323106896,3.420845334,3.518583772,3.61632221,3.714060648,3.811799086,3.909537524,4.007275963,4.105014401,4.202752839,4.300491277,4.398229715,4.495968153,4.593706591,4.691445029,4.789183467,4.886921906
57,0.497418837,0.596902604,0.696386372,0.795870139,0.895353906,0.994837674,1.094321441,1.193805208,1.293288976,1.392772743,1.49225651,1.591740278,1.691224045,1.790707813,1.89019158,1.989675347,2.089159115,2.188642882,2.288126649,2.387610417,2.487094184,2.586577951,2.686061719,2.785545486,2.885029254,2.984513021,3.083996788,3.183480556,3.282964323,3.38244809,3.481931858,3.581415625,3.680899392,3.78038316,3.879866927,3.979350695,4.078834462,4.178318229,4.277801997,4.377285764,4.476769531,4.576253299,4.675737066,4.775220833,4.874704601,4.974188368
58,0.506145483,0.60737458,0.708603676,0.809832773,0.91106187,1.012290966,1.113520063,1.214749159,1.315978256,1.417207353,1.518436449,1.619665546,1.720894642,1.822123739,1.923352836,2.024581932,2.125811029,2.227040126,2.328269222,2.429498319,2.530727415,2.631956512,2.733185609,2.834414705,2.935643802,3.036872898,3.138101995,3.239331092,3.340560188,3.441789285,3.543018382,3.644247478,3.745476575,3.846705671,3.947934768,4.049163865,4.150392961,4.251622058,4.352851154,4.454080251,4.555309348,4.656538444,4.757767541,4.858996638,4.960225734,5.061454831
59,0.514872129,0.617846555,0.720820981,0.823795407,0.926769833,1.029744259,1.132718685,1.23569311,1.338667536,1.441641962,1.544616388,1.647590814,1.75056524,1.853539666,1.956514091,2.059488517,2.162462943,2.265437369,2.368411795,2.471386221,2.574360647,2.677335073,2.780309498,2.883283924,2.98625835,3.089232776,3.192207202,3.295181628,3.398156054,3.50113048,3.604104905,3.707079331,3.810053757,3.913028183,4.016002609,4.118977035,4.221951461,4.324925886,4.427900312,4.530874738,4.633849164,4.73682359,4.839798016,4.942772442,5.045746868,5.148721293
60,0.523598776,0.628318531,0.733038286,0.837758041,0.942477796,1.047197551,1.151917306,1.256637061,1.361356817,1.466076572,1.570796327,1.675516082,1.780235837,1.884955592,1.989675347,2.094395102,2.199114858,2.303834613,2.408554368,2.513274123,2.617993878,2.722713633,2.827433388,2.932153143,3.036872898,3.141592654,3.246312409,3.351032164,3.455751919,3.560471674,3.665191429,3.769911184,3.874630939,3.979350695,4.08407045,4.188790205,4.29350996,4.398229715,4.50294947,4.607669225,4.71238898,4.817108736,4.921828491,5.026548246,5.131268001,5.235987756
61,0.532325422,0.638790506,0.745255591,0.851720675,0.958185759,1.064650844,1.171115928,1.277581012,1.384046097,1.490511181,1.596976266,1.70344135,1.809906434,1.916371519,2.022836603,2.129301687,2.235766772,2.342231856,2.448696941,2.555162025,2.661627109,2.768092194,2.874557278,2.981022362,3.087487447,3.193952531,3.300417616,3.4068827,3.513347784,3.619812869,3.726277953,3.832743037,3.939208122,4.045673206,4.15213829,4.258603375,4.365068459,4.471533544,4.577998628,4.684463712,4.790928797,4.897393881,5.003858965,5.11032405,5.216789134,5.323254219
62,0.541052068,0.649262482,0.757472895,0.865683309,0.973893723,1.082104136,1.19031455,1.298524963,1.406735377,1.514945791,1.623156204,1.731366618,1.839577032,1.947787445,2.055997859,2.164208272,2.272418686,2.3806291,2.488839513,2.597049927,2.705260341,2.813470754,2.921681168,3.029891581,3.138101995,3.246312409,3.354522822,3.462733236,3.57094365,3.679154063,3.787364477,3.89557489,4.003785304,4.111995718,4.220206131,4.328416545,4.436626959,4.544837372,4.653047786,4.761258199,4.869468613,4.977679027,5.08588944,5.194099854,5.302310268,5.410520681
63,0.549778714,0.659734457,0.7696902,0.879645943,0.989601686,1.099557429,1.209513172,1.319468915,1.429424657,1.5393804,1.649336143,1.759291886,1.869247629,1.979203372,2.089159115,2.199114858,2.3090706,2.419026343,2.528982086,2.638937829,2.748893572,2.858849315,2.968805058,3.078760801,3.188716543,3.298672286,3.408628029,3.518583772,3.628539515,3.738495258,3.848451001,3.958406744,4.068362486,4.178318229,4.288273972,4.398229715,4.508185458,4.618141201,4.728096944,4.838052687,4.948008429,5.057964172,5.167919915,5.277875658,5.387831401,5.497787144
64,0.558505361,0.670206433,0.781907505,0.893608577,1.005309649,1.117010721,1.228711793,1.340412866,1.452113938,1.56381501,1.675516082,1.787217154,1.898918226,2.010619298,2.12232037,2.234021443,2.345722515,2.457423587,2.569124659,2.680825731,2.792526803,2.904227875,3.015928947,3.12763002,3.239331092,3.351032164,3.462733236,3.574434308,3.68613538,3.797836452,3.909537524,4.021238597,4.132939669,4.244640741,4.356341813,4.468042885,4.579743957,4.691445029,4.803146101,4.914847174,5.026548246,5.138249318,5.24995039,5.361651462,5.473352534,5.585053606
65,0.567232007,0.680678408,0.79412481,0.907571211,1.021017612,1.134464014,1.247910415,1.361356817,1.474803218,1.588249619,1.701696021,1.815142422,1.928588823,2.042035225,2.155481626,2.268928028,2.382374429,2.49582083,2.609267232,2.722713633,2.836160034,2.949606436,3.063052837,3.176499239,3.28994564,3.403392041,3.516838443,3.630284844,3.743731246,3.857177647,3.970624048,4.08407045,4.197516851,4.310963252,4.424409654,4.537856055,4.651302457,4.764748858,4.878195259,4.991641661,5.105088062,5.218534463,5.331980865,5.445427266,5.558873668,5.672320069
66,0.575958653,0.691150384,0.806342114,0.921533845,1.036725576,1.151917306,1.267109037,1.382300768,1.497492498,1.612684229,1.727875959,1.84306769,1.958259421,2.073451151,2.188642882,2.303834613,2.419026343,2.534218074,2.649409805,2.764601535,2.879793266,2.994984996,3.110176727,3.225368458,3.340560188,3.455751919,3.57094365,3.68613538,3.801327111,3.916518841,4.031710572,4.146902303,4.262094033,4.377285764,4.492477495,4.607669225,4.722860956,4.838052687,4.953244417,5.068436148,5.183627878,5.298819609,5.41401134,5.52920307,5.644394801,5.759586532
67,0.584685299,0.701622359,0.818559419,0.935496479,1.052433539,1.169370599,1.286307659,1.403244719,1.520181778,1.637118838,1.754055898,1.870992958,1.987930018,2.104867078,2.221804138,2.338741198,2.455678258,2.572615317,2.689552377,2.806489437,2.923426497,3.040363557,3.157300617,3.274237677,3.391174737,3.508111797,3.625048856,3.741985916,3.858922976,3.975860036,4.092797096,4.209734156,4.326671216,4.443608276,4.560545335,4.677482395,4.794419455,4.911356515,5.028293575,5.145230635,5.262167695,5.379104755,5.496041815,5.612978874,5.729915934,5.846852994
68,0.593411946,0.712094335,0.830776724,0.949459113,1.068141502,1.186823891,1.30550628,1.42418867,1.542871059,1.661553448,1.780235837,1.898918226,2.017600615,2.136283004,2.254965394,2.373647783,2.492330172,2.611012561,2.72969495,2.848377339,2.967059728,3.085742118,3.204424507,3.323106896,3.441789285,3.560471674,3.679154063,3.797836452,3.916518841,4.035201231,4.15388362,4.272566009,4.391248398,4.509930787,4.628613176,4.747295565,4.865977955,4.984660344,5.103342733,5.222025122,5.340707511,5.4593899,5.578072289,5.696754679,5.815437068,5.934119457
69,0.602138592,0.72256631,0.842994029,0.963421747,1.083849465,1.204277184,1.324704902,1.445132621,1.565560339,1.685988057,1.806415776,1.926843494,2.047271213,2.167698931,2.288126649,2.408554368,2.528982086,2.649409805,2.769837523,2.890265241,3.01069296,3.131120678,3.251548396,3.371976115,3.492403833,3.612831552,3.73325927,3.853686988,3.974114707,4.094542425,4.214970144,4.335397862,4.45582558,4.576253299,4.696681017,4.817108736,4.937536454,5.057964172,5.178391891,5.298819609,5.419247327,5.539675046,5.660102764,5.780530483,5.900958201,6.021385919
70,0.610865238,0.733038286,0.855211333,0.977384381,1.099557429,1.221730476,1.343903524,1.466076572,1.588249619,1.710422667,1.832595715,1.954768762,2.07694181,2.199114858,2.321287905,2.443460953,2.565634,2.687807048,2.809980096,2.932153143,3.054326191,3.176499239,3.298672286,3.420845334,3.543018382,3.665191429,3.787364477,3.909537524,4.031710572,4.15388362,4.276056667,4.398229715,4.520402763,4.64257581,4.764748858,4.886921906,5.009094953,5.131268001,5.253441049,5.375614096,5.497787144,5.619960191,5.742133239,5.864306287,5.986479334,6.108652382
71,0.619591884,0.743510261,0.867428638,0.991347015,1.115265392,1.239183769,1.363102146,1.487020523,1.6109389,1.734857276,1.858775653,1.98269403,2.106612407,2.230530784,2.354449161,2.478367538,2.602285915,2.726204292,2.850122669,2.974041045,3.097959422,3.221877799,3.345796176,3.469714553,3.59363293,3.717551307,3.841469684,3.965388061,4.089306437,4.213224814,4.337143191,4.461061568,4.584979945,4.708898322,4.832816699,4.956735076,5.080653453,5.204571829,5.328490206,5.452408583,5.57632696,5.700245337,5.824163714,5.948082091,6.072000468,6.195918845
72,0.628318531,0.753982237,0.879645943,1.005309649,1.130973355,1.256637061,1.382300768,1.507964474,1.63362818,1.759291886,1.884955592,2.010619298,2.136283004,2.261946711,2.387610417,2.513274123,2.638937829,2.764601535,2.890265241,3.015928947,3.141592654,3.26725636,3.392920066,3.518583772,3.644247478,3.769911184,3.89557489,4.021238597,4.146902303,4.272566009,4.398229715,4.523893421,4.649557127,4.775220833,4.90088454,5.026548246,5.152211952,5.277875658,5.403539364,5.52920307,5.654866776,5.780530483,5.906194189,6.031857895,6.157521601,6.283185307
73,0.637045177,0.764454212,0.891863248,1.019272283,1.146681319,1.274090354,1.401499389,1.528908425,1.65631746,1.783726496,1.911135531,2.038544566,2.165953602,2.293362637,2.420771673,2.548180708,2.675589743,2.802998779,2.930407814,3.057816849,3.185225885,3.31263492,3.440043956,3.567452991,3.694862026,3.822271062,3.949680097,4.077089133,4.204498168,4.331907203,4.459316239,4.586725274,4.71413431,4.841543345,4.96895238,5.096361416,5.223770451,5.351179487,5.478588522,5.605997557,5.733406593,5.860815628,5.988224664,6.115633699,6.243042734,6.37045177
74,0.645771823,0.774926188,0.904080553,1.033234917,1.162389282,1.291543646,1.420698011,1.549852376,1.67900674,1.808161105,1.93731547,2.066469834,2.195624199,2.324778564,2.453932928,2.583087293,2.712241658,2.841396022,2.970550387,3.099704752,3.228859116,3.358013481,3.487167845,3.61632221,3.745476575,3.874630939,4.003785304,4.132939669,4.262094033,4.391248398,4.520402763,4.649557127,4.778711492,4.907865857,5.037020221,5.166174586,5.295328951,5.424483315,5.55363768,5.682792044,5.811946409,5.941100774,6.070255138,6.199409503,6.328563868,6.457718232
75,0.654498469,0.785398163,0.916297857,1.047197551,1.178097245,1.308996939,1.439896633,1.570796327,1.701696021,1.832595715,1.963495408,2.094395102,2.225294796,2.35619449,2.487094184,2.617993878,2.748893572,2.879793266,3.01069296,3.141592654,3.272492347,3.403392041,3.534291735,3.665191429,3.796091123,3.926990817,4.057890511,4.188790205,4.319689899,4.450589593,4.581489286,4.71238898,4.843288674,4.974188368,5.105088062,5.235987756,5.36688745,5.497787144,5.628686838,5.759586532,5.890486225,6.021385919,6.152285613,6.283185307,6.414085001,6.544984695
76,0.663225116,0.795870139,0.928515162,1.061160185,1.193805208,1.326450232,1.459095255,1.591740278,1.724385301,1.857030324,1.989675347,2.12232037,2.254965394,2.387610417,2.52025544,2.652900463,2.785545486,2.918190509,3.050835532,3.183480556,3.316125579,3.448770602,3.581415625,3.714060648,3.846705671,3.979350695,4.111995718,4.244640741,4.377285764,4.509930787,4.64257581,4.775220833,4.907865857,5.04051088,5.173155903,5.305800926,5.438445949,5.571090972,5.703735996,5.836381019,5.969026042,6.101671065,6.234316088,6.366961111,6.499606134,6.632251158
77,0.671951762,0.806342114,0.940732467,1.075122819,1.209513172,1.343903524,1.478293876,1.612684229,1.747074581,1.881464934,2.015855286,2.150245638,2.284635991,2.419026343,2.553416696,2.687807048,2.8221974,2.956587753,3.090978105,3.225368458,3.35975881,3.494149162,3.628539515,3.762929867,3.89732022,4.031710572,4.166100925,4.300491277,4.434881629,4.569271982,4.703662334,4.838052687,4.972443039,5.106833391,5.241223744,5.375614096,5.510004449,5.644394801,5.778785153,5.913175506,6.047565858,6.181956211,6.316346563,6.450736915,6.585127268,6.71951762
78,0.680678408,0.81681409,0.952949772,1.089085453,1.225221135,1.361356817,1.497492498,1.63362818,1.769763862,1.905899543,2.042035225,2.178170906,2.314306588,2.45044227,2.586577951,2.722713633,2.858849315,2.994984996,3.131120678,3.26725636,3.403392041,3.539527723,3.675663405,3.811799086,3.947934768,4.08407045,4.220206131,4.356341813,4.492477495,4.628613176,4.764748858,4.90088454,5.037020221,5.173155903,5.309291585,5.445427266,5.581562948,5.71769863,5.853834311,5.989969993,6.126105675,6.262241356,6.398377038,6.534512719,6.670648401,6.806784083
79,0.689405055,0.827286065,0.965167076,1.103048087,1.240929098,1.378810109,1.51669112,1.654572131,1.792453142,1.930334153,2.068215164,2.206096175,2.343977185,2.481858196,2.619739207,2.757620218,2.895501229,3.03338224,3.171263251,3.309144262,3.447025273,3.584906284,3.722787295,3.860668305,3.998549316,4.136430327,4.274311338,4.412192349,4.55007336,4.687954371,4.825835382,4.963716393,5.101597404,5.239478414,5.377359425,5.515240436,5.653121447,5.791002458,5.928883469,6.06676448,6.204645491,6.342526502,6.480407513,6.618288524,6.756169534,6.894050545
80,0.698131701,0.837758041,0.977384381,1.117010721,1.256637061,1.396263402,1.535889742,1.675516082,1.815142422,1.954768762,2.094395102,2.234021443,2.373647783,2.513274123,2.652900463,2.792526803,2.932153143,3.071779484,3.211405824,3.351032164,3.490658504,3.630284844,3.769911184,3.909537524,4.049163865,4.188790205,4.328416545,4.468042885,4.607669225,4.747295565,4.886921906,5.026548246,5.166174586,5.305800926,5.445427266,5.585053606,5.724679947,5.864306287,6.003932627,6.143558967,6.283185307,6.422811647,6.562437987,6.702064328,6.841690668,6.981317008
81,0.706858347,0.848230016,0.989601686,1.130973355,1.272345025,1.413716694,1.555088364,1.696460033,1.837831702,1.979203372,2.120575041,2.261946711,2.40331838,2.544690049,2.686061719,2.827433388,2.968805058,3.110176727,3.251548396,3.392920066,3.534291735,3.675663405,3.817035074,3.958406744,4.099778413,4.241150082,4.382521752,4.523893421,4.665265091,4.80663676,4.948008429,5.089380099,5.230751768,5.372123438,5.513495107,5.654866776,5.796238446,5.937610115,6.078981785,6.220353454,6.361725124,6.503096793,6.644468462,6.785840132,6.927211801,7.068583471
